Alabama, 2020, 934.0, 4042900.0
Alabama, 2019, 930.0, 4026151.0
Alabama, 2018, 953.0, 3999057.0
Alabama, 2017, 948.0, 3954378.0
Alabama, 2016, 1083.0, 3943082.0
Alabama, 2015, 850.0, 3907038.0
Alabama, 2014, 820.0, 3881542.0
Alabama, 2013, 853.0, 3859403.0
Alabama, 2012, 865.0, 3827522.0
Alabama, 2011, 895.0, 3798552.0
Alabama, 2010, 862.0, 3805751.0
Alabama, 2009, 848.0, 3782284.0
Alabama, 2008, 969.0, 3753550.0
Alabama, 2007, 1110.0, 3691762.0
Alabama, 2006, 1207.0, 3665180.0
Alabama, 2005, 1148.0, 3637414.0
Alabama, 2004, 1154.0, 3613138.0
Alabama, 2003, 1004.0, 3598034.0
Alabama, 2002, 1038.0, 3577986.0
Alabama, 2001, 991.0, 3559897.0
Alabama, 2000, 996.0, 3521444.0
Alabama, 1999, 1138.0, 3445893.0
Alaska, 2020, 64.0, 518872.0
Alaska, 2019, 67.0, 529281.0
Alaska, 2018, 80.0, 536033.0
Alaska, 2017, 79.0, 534585.0
Alaska, 2016, 84.0, 534585.0
Alaska, 2015, 65.0, 533227.0
Alaska, 2014, 73.0, 531744.0
Alaska, 2013, 51.0, 528873.0
Alaska, 2012, 59.0, 526371.0
Alaska, 2011, 72.0, 521280.0
Alaska, 2010, 56.0, 515239.0
Alaska, 2009, 64.0, 507759.0
Alaska, 2008, 62.0, 503162.0
Alaska, 2007, 82.0, 495249.0
Alaska, 2006, 74.0, 489024.0
Alaska, 2005, 73.0, 486582.0
Alaska, 2004, 101.0, 482532.0
Alaska, 2003, 98.0, 481487.0
Alaska, 2002, 89.0, 480295.0
Alaska, 2001, 89.0, 472211.0
Alaska, 2000, 106.0, 465256.0
Alaska, 1999, 79.0, 459362.0
Arizona, 2020, 1054.0, 5681495.0
Arizona, 2019, 979.0, 5369210.0
Arizona, 2018, 1011.0, 5284970.0
Arizona, 2017, 998.0, 5164966.0
Arizona, 2016, 952.0, 5082305.0
Arizona, 2015, 897.0, 4978762.0
Arizona, 2014, 773.0, 4881801.0
Arizona, 2013, 849.0, 4791450.0
Arizona, 2012, 821.0, 4697579.0
Arizona, 2011, 826.0, 4592398.0
Arizona, 2010, 759.0, 4443647.0
Arizona, 2009, 806.0, 4403390.0
Arizona, 2008, 938.0, 4315579.0
Arizona, 2007, 1071.0, 4153739.0
Arizona, 2006, 1293.0, 4032643.0
Arizona, 2005, 1179.0, 3943180.0
Arizona, 2004, 1151.0, 3783927.0
Arizona, 2003, 1118.0, 3819425.0
Arizona, 2002, 1132.0, 3668326.0
Arizona, 2001, 1051.0, 3550367.0
Arizona, 2000, 1036.0, 3433995.0
Arizona, 1999, 1024.0, 3297281.0
Arkansas, 2020, 638.0, 2153929.0
Arkansas, 2019, 511.0, 2153929.0
Arkansas, 2018, 520.0, 2145334.0
Arkansas, 2017, 525.0, 2417464.0
Arkansas, 2016, 561.0, 2391103.0
Arkansas, 2015, 550.0, 2119578.0
Arkansas, 2014, 470.0, 2111873.0
Arkansas, 2013, 498.0, 2097201.0
Arkansas, 2012, 560.0, 2199164.0
Arkansas, 2011, 551.0, 1956091.0
Arkansas, 2010, 571.0, 2077806.0
Arkansas, 2009, 596.0, 2065065.0
Arkansas, 2008, 600.0, 2055189.0
Arkansas, 2007, 649.0, 2046039.0
Arkansas, 2006, 665.0, 2034975.0
Arkansas, 2005, 654.0, 2024466.0
Arkansas, 2004, 703.0, 1862430.0
Arkansas, 2003, 640.0, 1998127.0
Arkansas, 2002, 640.0, 1965008.0
Arkansas, 2001, 611.0, 1961883.0
Arkansas, 2000, 652.0, 1947867.0
Arkansas, 1999, 604.0, 1925733.0
California, 2020, 3847.0, 27005302.0
California, 2019, 3719.0, 27213650.0
California, 2018, 3798.0, 27039400.0
California, 2017, 3884.0, 26777132.0
California, 2016, 3837.0, 26199436.0
California, 2015, 3387.0, 25532920.0
California, 2014, 3102.0, 24813346.0
California, 2013, 3107.0, 24390236.0
California, 2012, 2966.0, 24200997.0
California, 2011, 2816.0, 23856600.0
California, 2010, 2720.0, 23753441.0
California, 2009, 3090.0, 23680643.0
California, 2008, 3434.0, 23697667.0
California, 2007, 3995.0, 23467452.0
California, 2006, 4240.0, 23021279.0
California, 2005, 4333.0, 22895965.0
California, 2004, 4120.0, 22761088.0
California, 2003, 4224.0, 22657288.0
California, 2002, 4088.0, 22394800.0
California, 2001, 3956.0, 21623793.0
California, 2000, 3753.0, 21243939.0
California, 1999, 3559.0, 20830674.0
Colorado, 2020, 622.0, 4299447.0
Colorado, 2019, 597.0, 4235384.0
Colorado, 2018, 632.0, 4244713.0
Colorado, 2017, 648.0, 4156138.0
Colorado, 2016, 608.0, 4066580.0
Colorado, 2015, 547.0, 3974521.0
Colorado, 2014, 488.0, 3883362.0
Colorado, 2013, 482.0, 3837488.0
Colorado, 2012, 474.0, 3807673.0
Colorado, 2011, 447.0, 3669816.0
Colorado, 2010, 450.0, 3779273.0
Colorado, 2009, 465.0, 3704561.0
Colorado, 2008, 548.0, 3605682.0
Colorado, 2007, 554.0, 3502709.0
Colorado, 2006, 535.0, 3341275.0
Colorado, 2005, 606.0, 3341275.0
Colorado, 2004, 667.0, 3205054.0
Colorado, 2003, 642.0, 2975337.0
Colorado, 2002, 743.0, 3165815.0
Colorado, 2001, 741.0, 3287922.0
Colorado, 2000, 681.0, 3107258.0
Colorado, 1999, 626.0, 2990673.14
Connecticut, 2020, 295.0, 2508670.0
Connecticut, 2019, 249.0, 2608061.0
Connecticut, 2018, 293.0, 2605612.0
Connecticut, 2017, 281.0, 2586994.0
Connecticut, 2016, 304.0, 2611007.0
Connecticut, 2015, 270.0, 2566673.0
Connecticut, 2014, 248.0, 2542588.0
Connecticut, 2013, 286.0, 2534090.0
Connecticut, 2012, 264.0, 2485708.0
Connecticut, 2011, 221.0, 2986267.0
Connecticut, 2010, 320.0, 2934576.0
Connecticut, 2009, 224.0, 2916143.0
Connecticut, 2008, 302.0, 2883324.0
Connecticut, 2007, 296.0, 2848602.0
Connecticut, 2006, 311.0, 2805124.0
Connecticut, 2005, 278.0, 2740270.0
Connecticut, 2004, 294.0, 2694574.0
Connecticut, 2003, 298.0, 2659918.0
Connecticut, 2002, 325.0, 2672145.0
Connecticut, 2001, 318.0, 2650374.0
Connecticut, 2000, 341.0, 2652593.0
Connecticut, 1999, 301.0, 2373723.0
Delaware, 2020, 116.0, 829226.0
Delaware, 2019, 132.0, 812529.0
Delaware, 2018, 111.0, 786504.0
Delaware, 2017, 119.0, 770512.0
Delaware, 2016, 119.0, 756328.0
Delaware, 2015, 131.0, 742524.0
Delaware, 2014, 124.0, 732349.0
Delaware, 2013, 99.0, 723657.0
Delaware, 2012, 114.0, 720290.0
Delaware, 2011, 99.0, 716109.0
Delaware, 2010, 101.0, 695036.0
Delaware, 2009, 116.0, 699745.0
Delaware, 2008, 121.0, 651877.0
Delaware, 2007, 117.0, 624472.0
Delaware, 2006, 148.0, 619877.0
Delaware, 2005, 133.0, 610406.0
Delaware, 2004, 134.0, 533943.0
Delaware, 2003, 142.0, 585136.0
Delaware, 2002, 124.0, 573021.0
Delaware, 2001, 136.0, 564099.0
Delaware, 2000, 123.0, 556688.0
Delaware, 1999, 100.0, 551787.0
Florida, 2020, 3331.0, 15715373.0
Florida, 2019, 3185.0, 15560628.0
Florida, 2018, 3135.0, 15368695.0
Florida, 2017, 3116.0, 15076358.0
Florida, 2016, 3176.0, 14675160.0
Florida, 2015, 2938.0, 14262715.0
Florida, 2014, 2494.0, 13898347.0
Florida, 2013, 2403.0, 13670441.0
Florida, 2012, 2431.0, 13896581.0
Florida, 2011, 2400.0, 13882423.0
Florida, 2010, 2444.0, 13949726.0
Florida, 2009, 2560.0, 14005066.0
Florida, 2008, 2980.0, 14033844.0
Florida, 2007, 3213.0, 14138846.0
Florida, 2006, 3357.0, 13988630.0
Florida, 2005, 3518.0, 13373700.0
Florida, 2004, 3244.0, 13146357.0
Florida, 2003, 3169.0, 12905812.0
Florida, 2002, 3136.0, 12744055.0
Florida, 2001, 3012.0, 12743403.0
Florida, 2000, 2999.0, 12853428.0
Florida, 1999, 2920.0, 12400841.0
Georgia, 2020, 1664.0, 7521750.0
Georgia, 2019, 1492.0, 7261266.0
Georgia, 2018, 1505.0, 7168733.0
Georgia, 2017, 1540.0, 7060344.0
Georgia, 2016, 1556.0, 6975900.0
Georgia, 2015, 1432.0, 6906191.0
Georgia, 2014, 1164.0, 6650434.0
Georgia, 2013, 1180.0, 6607016.0
Georgia, 2012, 1192.0, 6581534.0
Georgia, 2011, 1226.0, 6505690.0
Georgia, 2010, 1247.0, 6507888.0
Georgia, 2009, 1292.0, 6315035.0
Georgia, 2008, 1495.0, 6257484.0
Georgia, 2007, 1641.0, 6134298.0
Georgia, 2006, 1693.0, 5906834.0
Georgia, 2005, 1729.0, 5939513.0
Georgia, 2004, 1634.0, 5793143.0
Georgia, 2003, 1603.0, 5757953.0
Georgia, 2002, 1524.0, 6012847.0
Georgia, 2001, 1647.0, 5833802.0
Georgia, 2000, 1541.0, 5550176.176
Georgia, 1999, 1508.0, 5471100.0
Hawaii, 2020, 85.0, 921547.0
Hawaii, 2019, 108.0, 943173.0
Hawaii, 2018, 117.0, 948417.0
Hawaii, 2017, 107.0, 951008.0
Hawaii, 2016, 120.0, 931703.0
Hawaii, 2015, 93.0, 909797.0
Hawaii, 2014, 95.0, 902639.0
Hawaii, 2013, 102.0, 915033.0
Hawaii, 2012, 125.0, 915033.0
Hawaii, 2011, 100.0, 911660.0
Hawaii, 2010, 113.0, 909407.0
Hawaii, 2009, 109.0, 889918.0
Hawaii, 2008, 107.0, 884767.0
Hawaii, 2007, 138.0, 862903.0
Hawaii, 2006, 161.0, 867375.0
Hawaii, 2005, 140.0, 856163.0
Hawaii, 2004, 142.0, 843876.0
Hawaii, 2003, 133.0, 834188.0
Hawaii, 2002, 119.0, 814668.0
Hawaii, 2001, 140.0, 787820.0
Hawaii, 2000, 132.0, 769383.0
Hawaii, 1999, 98.0, 752693.0
Idaho, 2020, 214.0, 1285331.0
Idaho, 2019, 224.0, 1252535.0
Idaho, 2018, 234.0, 1252535.0
Idaho, 2017, 245.0, 1190367.0
Idaho, 2016, 253.0, 1160922.0
Idaho, 2015, 216.0, 1135009.0
Idaho, 2014, 186.0, 1128497.0
Idaho, 2013, 214.0, 1111485.0
Idaho, 2012, 184.0, 1092977.0
Idaho, 2011, 167.0, 1083992.0
Idaho, 2010, 209.0, 1069542.0
Idaho, 2009, 226.0, 1055269.0
Idaho, 2008, 232.0, 1038314.0
Idaho, 2007, 252.0, 1027502.0
Idaho, 2006, 267.0, 1008016.0
Idaho, 2005, 275.0, 978450.0
Idaho, 2004, 260.0, 942983.0
Idaho, 2003, 293.0, 921283.0
Idaho, 2002, 264.0, 907029.0
Idaho, 2001, 259.0, 896666.0
Idaho, 2000, 276.0, 883546.0
Idaho, 1999, 278.0, 872825.0
Illinois, 2020, 1194.0, 8225298.0
Illinois, 2019, 1009.0, 8546932.0
Illinois, 2018, 1035.0, 8714788.0
Illinois, 2017, 1090.0, 8529404.0
Illinois, 2016, 1078.0, 8514644.0
Illinois, 2015, 998.0, 8462193.0
Illinois, 2014, 924.0, 8373565.0
Illinois, 2013, 991.0, 8261582.0
Illinois, 2012, 956.0, 8235745.0
Illinois, 2011, 918.0, 8373969.0
Illinois, 2010, 927.0, 8373969.0
Illinois, 2009, 911.0, 8301118.0
Illinois, 2008, 1043.0, 8260940.0
Illinois, 2007, 1248.0, 8190023.0
Illinois, 2006, 1254.0, 8071253.0
Illinois, 2005, 1363.0, 7870872.0
Illinois, 2004, 1355.0, 8057683.0
Illinois, 2003, 1454.0, 8054232.0
Illinois, 2002, 1420.0, 8033399.0
Illinois, 2001, 1414.0, 7809500.0
Illinois, 2000, 1418.0, 7961046.0
Illinois, 1999, 1456.0, 7925204.0
Indiana, 2020, 897.0, 4532708.0
Indiana, 2019, 810.0, 4589405.0
Indiana, 2018, 860.0, 4589405.0
Indiana, 2017, 916.0, 4553584.0
Indiana, 2016, 829.0, 4553259.0
Indiana, 2015, 817.0, 4467848.0
Indiana, 2014, 745.0, 4448099.0
Indiana, 2013, 784.0, 4500403.0
Indiana, 2012, 781.0, 5375973.0
Indiana, 2011, 751.0, 6569665.0
Indiana, 2010, 754.0, 5550469.0
Indiana, 2009, 693.0, 5550469.0
Indiana, 2008, 820.0, 5550469.0
Indiana, 2007, 898.0, 4308845.0
Indiana, 2006, 902.0, 4246189.0
Indiana, 2005, 938.0, 4246189.0
Indiana, 2004, 947.0, 4521329.0
Indiana, 2003, 833.0, 4536205.0
Indiana, 2002, 792.0, 4221123.0
Indiana, 2001, 909.0, 4116924.0
Indiana, 2000, 886.0, 3976241.0
Indiana, 1999, 1020.0, 3856177.0
Iowa, 2020, 337.0, 2268916.0
Iowa, 2019, 336.0, 2274431.0
Iowa, 2018, 319.0, 2260271.0
Iowa, 2017, 330.0, 2246829.0
Iowa, 2016, 402.0, 2245640.0
Iowa, 2015, 320.0, 2224130.0
Iowa, 2014, 322.0, 2227950.0
Iowa, 2013, 317.0, 2143665.0
Iowa, 2012, 365.0, 2217304.0
Iowa, 2011, 360.0, 2191715.0
Iowa, 2010, 390.0, 2166759.0
Iowa, 2009, 371.0, 2145333.0
Iowa, 2008, 412.0, 1989663.0
Iowa, 2007, 446.0, 2093649.0
Iowa, 2006, 439.0, 2040873.0
Iowa, 2005, 450.0, 2033417.0
Iowa, 2004, 388.0, 2003723.0
Iowa, 2003, 443.0, 1977909.0
Iowa, 2002, 405.0, 1992803.0
Iowa, 2001, 446.0, 1978748.0
Iowa, 2000, 445.0, 1952508.0
Iowa, 1999, 490.0, 1935201.0
Kansas, 2020, 426.0, 2004302.0
Kansas, 2019, 410.0, 2154260.0
Kansas, 2018, 405.0, 2149430.0
Kansas, 2017, 461.0, 2029869.0
Kansas, 2016, 429.0, 2030025.0
Kansas, 2015, 355.0, 2028657.0
Kansas, 2014, 385.0, 2021271.0
Kansas, 2013, 350.0, 2017759.0
Kansas, 2012, 405.0, 2018029.0
Kansas, 2011, 386.0, 2025581.0
Kansas, 2010, 431.0, 2033092.0
Kansas, 2009, 386.0, 2045426.0
Kansas, 2008, 384.0, 2021905.0
Kansas, 2007, 416.0, 2018219.0
Kansas, 2006, 468.0, 2003112.0
Kansas, 2005, 428.0, 1974238.0
Kansas, 2004, 459.0, 1979746.0
Kansas, 2003, 469.0, 1987251.0
Kansas, 2002, 507.0, 1935361.0
Kansas, 2001, 494.0, 1871301.0
Kansas, 2000, 461.0, 1908117.0
Kansas, 1999, 540.0, 1892478.0
Kentucky, 2020, 780.0, 2905632.0
Kentucky, 2019, 732.0, 3030329.0
Kentucky, 2018, 724.0, 3032530.0
Kentucky, 2017, 782.0, 3019008.0
Kentucky, 2016, 834.0, 3031447.0
Kentucky, 2015, 761.0, 3021266.0
Kentucky, 2014, 672.0, 3004919.0
Kentucky, 2013, 638.0, 3019283.0
Kentucky, 2012, 746.0, 2985234.0
Kentucky, 2011, 720.0, 2959881.0
Kentucky, 2010, 760.0, 2950191.0
Kentucky, 2009, 791.0, 2939423.0
Kentucky, 2008, 825.0, 2932659.0
Kentucky, 2007, 864.0, 2933266.0
Kentucky, 2006, 913.0, 2896460.0
Kentucky, 2005, 985.0, 2860729.0
Kentucky, 2004, 964.0, 2823454.0
Kentucky, 2003, 928.0, 2799635.0
Kentucky, 2002, 915.0, 2772674.0
Kentucky, 2001, 845.0, 2756634.0
Kentucky, 2000, 820.0, 2694469.0
Kentucky, 1999, 814.0, 2660468.0
Louisiana, 2020, 828.0, 3416648.0
Louisiana, 2019, 727.0, 3435168.0
Louisiana, 2018, 771.0, 3425435.0
Louisiana, 2017, 770.0, 3425656.0
Louisiana, 2016, 757.0, 3395095.0
Louisiana, 2015, 752.0, 3357091.0
Louisiana, 2014, 740.0, 3312630.0
Louisiana, 2013, 703.0, 3278143.0
Louisiana, 2012, 723.0, 2923744.0
Louisiana, 2011, 680.0, 3186227.0
Louisiana, 2010, 721.0, 3133631.0
Louisiana, 2009, 824.0, 3086004.0
Louisiana, 2008, 916.0, 2998162.0
Louisiana, 2007, 993.0, 3033966.0
Louisiana, 2006, 987.0, 3014191.0
Louisiana, 2005, 963.0, 3083516.0
Louisiana, 2004, 927.0, 3169627.0
Louisiana, 2003, 940.0, 3119960.0
Louisiana, 2002, 907.0, 3168238.0
Louisiana, 2001, 952.0, 2718209.0
Louisiana, 2000, 938.0, 2759120.0
Louisiana, 1999, 938.0, 2762571.0
Maine, 2020, 164.0, 1047893.0
Maine, 2019, 157.0, 1046129.0
Maine, 2018, 136.0, 1040582.0
Maine, 2017, 173.0, 1032703.0
Maine, 2016, 160.0, 1021332.0
Maine, 2015, 156.0, 1019879.0
Maine, 2014, 131.0, 1018918.0
Maine, 2013, 144.0, 1011385.0
Maine, 2012, 164.0, 1008190.0
Maine, 2011, 136.0, 1014826.0
Maine, 2010, 161.0, 1019738.0
Maine, 2009, 159.0, 1013533.0
Maine, 2008, 155.0, 1006057.0
Maine, 2007, 183.0, 1009780.0
Maine, 2006, 188.0, 1005160.0
Maine, 2005, 169.0, 1003972.0
Maine, 2004, 194.0, 984829.0
Maine, 2003, 207.0, 932455.0
Maine, 2002, 216.0, 948748.0
Maine, 2001, 192.0, 942556.0
Maine, 2000, 169.0, 920235.0
Maine, 1999, 181.0, 911704.0
Maryland, 2020, 567.0, 4454266.0
Maryland, 2019, 535.0, 4463862.0
Maryland, 2018, 512.0, 4407973.0
Maryland, 2017, 558.0, 4329503.0
Maryland, 2016, 522.0, 4264875.0
Maryland, 2015, 520.0, 4185752.0
Maryland, 2014, 442.0, 4142997.0
Maryland, 2013, 465.0, 4140105.0
Maryland, 2012, 511.0, 4102154.0
Maryland, 2011, 485.0, 3856604.0
Maryland, 2010, 496.0, 3918305.0
Maryland, 2009, 549.0, 3904685.0
Maryland, 2008, 591.0, 3786650.0
Maryland, 2007, 614.0, 3737847.0
Maryland, 2006, 652.0, 3694290.0
Maryland, 2005, 614.0, 3709594.0
Maryland, 2004, 643.0, 3594251.0
Maryland, 2003, 650.0, 3552187.0
Maryland, 2002, 661.0, 3523311.0
Maryland, 2001, 659.0, 3451966.0
Maryland, 2000, 588.0, 3382451.0
Maryland, 1999, 590.0, 3194601.0
Massachusetts, 2020, 343.0, 4940373.0
Massachusetts, 2019, 336.0, 4950056.0
Massachusetts, 2018, 355.0, 4935176.0
Massachusetts, 2017, 347.0, 4935176.0
Massachusetts, 2016, 387.0, 5040662.0
Massachusetts, 2015, 344.0, 5040662.0
Massachusetts, 2014, 354.0, 4765586.0
Massachusetts, 2013, 351.0, 4765586.0
Massachusetts, 2012, 383.0, 4733936.0
Massachusetts, 2011, 374.0, 4683322.97
Massachusetts, 2010, 347.0, 4592500.0
Massachusetts, 2009, 340.0, 4629636.0
Massachusetts, 2008, 364.0, 4674058.0
Massachusetts, 2007, 434.0, 4699301.0
Massachusetts, 2006, 429.0, 4711735.0
Massachusetts, 2005, 441.0, 4612829.0
Massachusetts, 2004, 476.0, 4645857.0
Massachusetts, 2003, 462.0, 4645705.0
Massachusetts, 2002, 459.0, 4686416.0
Massachusetts, 2001, 477.0, 4610666.0
Massachusetts, 2000, 433.0, 4489695.0
Massachusetts, 1999, 414.0, 4421054.0
Michigan, 2020, 1084.0, 7026650.0
Michigan, 2019, 986.0, 7141494.0
Michigan, 2018, 977.0, 7153645.0
Michigan, 2017, 1031.0, 7095778.0
Michigan, 2016, 1065.0, 7074674.0
Michigan, 2015, 967.0, 7104484.0
Michigan, 2014, 901.0, 7046433.0
Michigan, 2013, 947.0, 6986587.0
Michigan, 2012, 940.0, 7018713.0
Michigan, 2011, 889.0, 7059509.0
Michigan, 2010, 942.0, 7083107.0
Michigan, 2009, 872.0, 7082820.0
Michigan, 2008, 980.0, 7118378.0
Michigan, 2007, 1087.0, 7058955.0
Michigan, 2006, 1086.0, 7112992.0
Michigan, 2005, 1129.0, 7105272.0
Michigan, 2004, 1159.0, 7103404.0
Michigan, 2003, 1283.0, 7065438.0
Michigan, 2002, 1277.0, 7025357.0
Michigan, 2001, 1328.0, 6976982.0
Michigan, 2000, 1382.0, 6925246.0
Michigan, 1999, 1382.0, 6863199.0
Minnesota, 2020, 394.0, 4090264.0
Minnesota, 2019, 364.0, 3391057.0
Minnesota, 2018, 381.0, 3391057.0
Minnesota, 2017, 358.0, 3394815.0
Minnesota, 2016, 392.0, 3377910.0
Minnesota, 2015, 411.0, 3351430.0
Minnesota, 2014, 361.0, 3357468.0
Minnesota, 2013, 387.0, 3330725.0
Minnesota, 2012, 395.0, 3321760.0
Minnesota, 2011, 368.0, 3306139.0
Minnesota, 2010, 411.0, 3281463.0
Minnesota, 2009, 421.0, 3245441.0
Minnesota, 2008, 455.0, 3190183.0
Minnesota, 2007, 510.0, 3149109.0
Minnesota, 2006, 494.0, 3086610.0
Minnesota, 2005, 559.0, 3083757.0
Minnesota, 2004, 567.0, 3083007.0
Minnesota, 2003, 655.0, 3035553.0
Minnesota, 2002, 657.0, 2997058.0
Minnesota, 2001, 568.0, 2961236.0
Minnesota, 2000, 625.0, 2940789.0
Minnesota, 1999, 626.0, 2907027.0
Mississippi, 2020, 752.0, 2017111.0
Mississippi, 2019, 642.0, 2058036.0
Mississippi, 2018, 663.0, 2058036.0
Mississippi, 2017, 685.0, 2053924.0
Mississippi, 2016, 687.0, 2018862.0
Mississippi, 2015, 677.0, 1988396.0
Mississippi, 2014, 607.0, 1977679.0
Mississippi, 2013, 613.0, 1968907.0
Mississippi, 2012, 582.0, 1957980.0
Mississippi, 2011, 630.0, 1926603.0
Mississippi, 2010, 641.0, 1928487.0
Mississippi, 2009, 700.0, 1930603.0
Mississippi, 2008, 783.0, 1935764.0
Mississippi, 2007, 884.0, 1926969.0
Mississippi, 2006, 911.0, 1929636.0
Mississippi, 2005, 931.0, 1965464.0
Mississippi, 2004, 900.0, 1896008.0
Mississippi, 2003, 872.0, 1885974.0
Mississippi, 2002, 885.0, 1861496.0
Mississippi, 2001, 784.0, 1859487.0
Mississippi, 2000, 949.0, 2007746.0
Mississippi, 1999, 927.0, 1788189.0
Missouri, 2020, 987.0, 4259672.0
Missouri, 2019, 881.0, 4274389.0
Missouri, 2018, 921.0, 4272960.0
Missouri, 2017, 932.0, 4274784.0
Missouri, 2016, 947.0, 4249579.0
Missouri, 2015, 870.0, 4213302.0
Missouri, 2014, 766.0, 4295224.0
Missouri, 2013, 757.0, 4280438.0
Missouri, 2012, 826.0, 4288488.0
Missouri, 2011, 786.0, 4277037.0
Missouri, 2010, 821.0, 4246249.0
Missouri, 2009, 878.0, 4217910.0
Missouri, 2008, 960.0, 4196682.0
Missouri, 2007, 992.0, 4161957.0
Missouri, 2006, 1096.0, 4139632.0
Missouri, 2005, 1257.0, 4135394.0
Missouri, 2004, 1130.0, 4047652.0
Missouri, 2003, 1232.0, 3965610.0
Missouri, 2002, 1208.0, 3931448.0
Missouri, 2001, 1098.0, 3862300.0
Missouri, 2000, 1157.0, 3856271.0
Missouri, 1999, 1094.0, 3839764.0
Montana, 2020, 213.0, 826754.0
Montana, 2019, 184.0, 811851.0
Montana, 2018, 181.0, 806204.0
Montana, 2017, 186.0, 807259.0
Montana, 2016, 190.0, 797145.0
Montana, 2015, 224.0, 781427.0
Montana, 2014, 192.0, 768703.0
Montana, 2013, 229.0, 766716.0
Montana, 2012, 205.0, 757812.0
Montana, 2011, 209.0, 752483.0
Montana, 2010, 189.0, 743611.0
Montana, 2009, 221.0, 737964.0
Montana, 2008, 229.0, 738982.0
Montana, 2007, 277.0, 735753.0
Montana, 2006, 264.0, 723976.0
Montana, 2005, 251.0, 715512.0
Montana, 2004, 229.0, 712880.0
Montana, 2003, 262.0, 704509.0
Montana, 2002, 269.0, 694743.0
Montana, 2001, 230.0, 683351.0
Montana, 2000, 237.0, 678899.0
Montana, 1999, 220.0, 660151.0
Nebraska, 2020, 233.0, 1438821.0
Nebraska, 2019, 248.0, 1430818.0
Nebraska, 2018, 230.0, 1420317.0
Nebraska, 2017, 228.0, 1404479.0
Nebraska, 2016, 218.0, 1404479.0
Nebraska, 2015, 246.0, 1394301.0
Nebraska, 2014, 225.0, 1383693.0
Nebraska, 2013, 211.0, 1374529.0
Nebraska, 2012, 212.0, 1363596.0
Nebraska, 2011, 181.0, 1356377.0
Nebraska, 2010, 190.0, 1351516.0
Nebraska, 2009, 223.0, 1349295.0
Nebraska, 2008, 208.0, 1346406.0
Nebraska, 2007, 256.0, 1330698.0
Nebraska, 2006, 269.0, 1327916.0
Nebraska, 2005, 276.0, 1320617.0
Nebraska, 2004, 254.0, 1315819.0
Nebraska, 2003, 293.0, 1311332.0
Nebraska, 2002, 307.0, 1275206.0
Nebraska, 2001, 246.0, 1267284.0
Nebraska, 2000, 276.0, 1195219.0
Nebraska, 1999, 295.0, 1202517.0
Nevada, 2020, 317.0, 2056394.0
Nevada, 2019, 304.0, 2054421.0
Nevada, 2018, 329.0, 1983453.0
Nevada, 2017, 311.0, 1918305.0
Nevada, 2016, 329.0, 1872376.0
Nevada, 2015, 326.0, 1835511.0
Nevada, 2014, 291.0, 1796443.0
Nevada, 2013, 266.0, 1756095.0
Nevada, 2012, 261.0, 1728060.0
Nevada, 2011, 246.0, 1700829.0
Nevada, 2010, 257.0, 1691318.0
Nevada, 2009, 243.0, 1690431.0
Nevada, 2008, 324.0, 1678550.0
Nevada, 2007, 373.0, 1661588.0
Nevada, 2006, 431.0, 1626021.0
Nevada, 2005, 427.0, 1596353.0
Nevada, 2004, 395.0, 1548097.0
Nevada, 2003, 368.0, 1487899.0
Nevada, 2002, 381.0, 1460903.0
Nevada, 2001, 314.0, 1420714.0
Nevada, 2000, 323.0, 1370643.0
Nevada, 1999, 350.0, 1322014.0
New Hampshire, 2020, 104.0, 1060381.0
New Hampshire, 2019, 101.0, 1195211.0
New Hampshire, 2018, 147.0, 1161665.0
New Hampshire, 2017, 102.0, 1103624.0
New Hampshire, 2016, 136.0, 1096234.0
New Hampshire, 2015, 114.0, 1074766.0
New Hampshire, 2014, 95.0, 1071963.0
New Hampshire, 2013, 135.0, 1061433.0
New Hampshire, 2012, 108.0, 1064604.0
New Hampshire, 2011, 90.0, 1056889.0
New Hampshire, 2010, 128.0, 1037083.0
New Hampshire, 2009, 110.0, 1034329.0
New Hampshire, 2008, 138.0, 1031158.0
New Hampshire, 2007, 129.0, 1026546.0
New Hampshire, 2006, 127.0, 1027582.0
New Hampshire, 2005, 166.0, 998214.0
New Hampshire, 2004, 171.0, 985775.0
New Hampshire, 2003, 127.0, 967770.0
New Hampshire, 2002, 127.0, 954910.0
New Hampshire, 2001, 142.0, 941829.0
New Hampshire, 2000, 126.0, 929630.0
New Hampshire, 1999, 140.0, 918563.0
New Jersey, 2020, 584.0, 6230912.0
New Jersey, 2019, 558.0, 6377413.0
New Jersey, 2018, 563.0, 6342876.0
New Jersey, 2017, 624.0, 6301363.0
New Jersey, 2016, 602.0, 6238436.0
New Jersey, 2015, 561.0, 6179318.0
New Jersey, 2014, 556.0, 6152634.0
New Jersey, 2013, 542.0, 6081386.0
New Jersey, 2012, 589.0, 6039623.0
New Jersey, 2011, 627.0, 5977458.0
New Jersey, 2010, 556.0, 5952583.0
New Jersey, 2009, 584.0, 5923538.0
New Jersey, 2008, 590.0, 5782155.0
New Jersey, 2007, 724.0, 5782155.0
New Jersey, 2006, 771.0, 5834227.0
New Jersey, 2005, 747.0, 5870720.0
New Jersey, 2004, 723.0, 5799532.0
New Jersey, 2003, 733.0, 5728975.0
New Jersey, 2002, 771.0, 5711794.0
New Jersey, 2001, 745.0, 5715089.0
New Jersey, 2000, 731.0, 5654973.0
New Jersey, 1999, 726.0, 5550772.0
New Mexico, 2020, 398.0, 1473219.0
New Mexico, 2019, 425.0, 1449711.0
New Mexico, 2018, 392.0, 1458433.0
New Mexico, 2017, 380.0, 1473262.0
New Mexico, 2016, 405.0, 1521785.0
New Mexico, 2015, 298.0, 1467782.0
New Mexico, 2014, 386.0, 1444857.0
New Mexico, 2013, 311.0, 1456500.0
New Mexico, 2012, 366.0, 1430475.0
New Mexico, 2011, 350.0, 1418641.0
New Mexico, 2010, 349.0, 1405926.0
New Mexico, 2009, 361.0, 1377983.0
New Mexico, 2008, 366.0, 1365249.0
New Mexico, 2007, 413.0, 1365249.0
New Mexico, 2006, 484.0, 1338246.0
New Mexico, 2005, 488.0, 1304721.0
New Mexico, 2004, 521.0, 1271365.0
New Mexico, 2003, 439.0, 1236488.0
New Mexico, 2002, 449.0, 1243894.0
New Mexico, 2001, 464.0, 1231701.0
New Mexico, 2000, 432.0, 1239043.0
New Mexico, 1999, 460.0, 1221927.035
New York, 2020, 1046.0, 12194360.0
New York, 2019, 934.0, 12194360.0
New York, 2018, 964.0, 12194360.0
New York, 2017, 1006.0, 12185313.0
New York, 2016, 1041.0, 11947568.0
New York, 2015, 1136.0, 11689839.0
New York, 2014, 1041.0, 11318198.0
New York, 2013, 1202.0, 11210783.0
New York, 2012, 1180.0, 11248617.0
New York, 2011, 1171.0, 11210783.0
New York, 2010, 1201.0, 11285830.0
New York, 2009, 1158.0, 11329488.0
New York, 2008, 1238.0, 11284545.0
New York, 2007, 1332.0, 11369280.0
New York, 2006, 1454.0, 11146367.0
New York, 2005, 1434.0, 11071911.0
New York, 2004, 1495.0, 11246675.0
New York, 2003, 1493.0, 11356988.0
New York, 2002, 1530.0, 10913850.0
New York, 2001, 1564.0, 11014805.0
New York, 2000, 1460.0, 10871344.0
New York, 1999, 1599.0, 10626625.0
North Carolina, 2020, 1538.0, 7637400.0
North Carolina, 2019, 1457.0, 7620001.0
North Carolina, 2018, 1436.0, 7509231.0
North Carolina, 2017, 1412.0, 7389467.0
North Carolina, 2016, 1450.0, 7267042.0
North Carolina, 2015, 1379.0, 7160621.0
North Carolina, 2014, 1284.0, 7025333.0
North Carolina, 2013, 1290.0, 6822902.0
North Carolina, 2012, 1299.0, 6677693.0
North Carolina, 2011, 1230.0, 6569341.0
North Carolina, 2010, 1320.0, 6536601.0
North Carolina, 2009, 1313.0, 6504269.0
North Carolina, 2008, 1428.0, 6457000.0
North Carolina, 2007, 1676.0, 6383542.0
North Carolina, 2006, 1554.0, 6315667.0
North Carolina, 2005, 1547.0, 6227817.0
North Carolina, 2004, 1573.0, 6122137.0
North Carolina, 2003, 1553.0, 6014782.0
North Carolina, 2002, 1576.0, 5943288.0
North Carolina, 2001, 1530.0, 5884651.0
North Carolina, 2000, 1557.0, 5690494.0
North Carolina, 1999, 1505.0, 5491228.0
North Dakota, 2020, 100.0, 539006.0
North Dakota, 2019, 100.0, 556064.0
North Dakota, 2018, 105.0, 561333.0
North Dakota, 2017, 116.0, 561667.0
North Dakota, 2016, 113.0, 555935.0
North Dakota, 2015, 131.0, 545027.0
North Dakota, 2014, 135.0, 527541.0
North Dakota, 2013, 148.0, 513838.0
North Dakota, 2012, 170.0, 502807.0
North Dakota, 2011, 148.0, 490146.0
North Dakota, 2010, 105.0, 483097.0
North Dakota, 2009, 140.0, 476561.0
North Dakota, 2008, 104.0, 473019.0
North Dakota, 2007, 111.0, 470731.0
North Dakota, 2006, 111.0, 468711.0
North Dakota, 2005, 123.0, 466701.0
North Dakota, 2004, 100.0, 461780.0
North Dakota, 2003, 105.0, 459791.0
North Dakota, 2002, 97.0, 461090.0
North Dakota, 2001, 105.0, 455921.0
North Dakota, 2000, 86.0, 458944.0
North Dakota, 1999, 119.0, 457890.0
Ohio, 2020, 1230.0, 8100273.0
Ohio, 2019, 1153.0, 8032792.0
Ohio, 2018, 1068.0, 8032665.0
Ohio, 2017, 1179.0, 8011705.0
Ohio, 2016, 1132.0, 7974951.0
Ohio, 2015, 1110.0, 7923439.0
Ohio, 2014, 1006.0, 7915907.0
Ohio, 2013, 989.0, 8030421.0
Ohio, 2012, 1121.0, 8006183.0
Ohio, 2011, 1017.0, 7982149.0
Ohio, 2010, 1080.0, 7963372.0
Ohio, 2009, 1022.0, 7937498.0
Ohio, 2008, 1191.0, 7962266.0
Ohio, 2007, 1255.0, 7975774.0
Ohio, 2006, 1238.0, 7739410.0
Ohio, 2005, 1321.0, 7707842.0
Ohio, 2004, 1286.0, 7675007.0
Ohio, 2003, 1274.0, 7656362.0
Ohio, 2002, 1418.0, 7707870.0
Ohio, 2001, 1378.0, 7736115.0
Ohio, 2000, 1366.0, 8205524.0
Ohio, 1999, 1430.0, 8045787.0
Oklahoma, 2020, 652.0, 2550560.0
Oklahoma, 2019, 640.0, 2522670.0
Oklahoma, 2018, 655.0, 2504253.0
Oklahoma, 2017, 657.0, 2505989.0
Oklahoma, 2016, 687.0, 2498178.0
Oklahoma, 2015, 645.0, 2621733.0
Oklahoma, 2014, 669.0, 2451972.0
Oklahoma, 2013, 678.0, 2418307.0
Oklahoma, 2012, 709.0, 2400358.0
Oklahoma, 2011, 696.0, 2370643.0
Oklahoma, 2010, 668.0, 2348718.0
Oklahoma, 2009, 737.0, 2320985.0
Oklahoma, 2008, 750.0, 2301848.0
Oklahoma, 2007, 766.0, 2283178.0
Oklahoma, 2006, 765.0, 2264151.0
Oklahoma, 2005, 803.0, 2234114.0
Oklahoma, 2004, 774.0, 2369621.0
Oklahoma, 2003, 671.0, 2348449.0
Oklahoma, 2002, 739.0, 2324442.0
Oklahoma, 2001, 682.0, 2172394.0
Oklahoma, 2000, 650.0, 2295036.0
Oklahoma, 1999, 741.0, 2312621.0
Oregon, 2020, 508.0, 2944828.0
Oregon, 2019, 493.0, 2930701.0
Oregon, 2018, 502.0, 2930702.0
Oregon, 2017, 439.0, 2910592.0
Oregon, 2016, 498.0, 2855746.0
Oregon, 2015, 446.0, 2808548.0
Oregon, 2014, 357.0, 2785446.0
Oregon, 2013, 313.0, 2773373.0
Oregon, 2012, 337.0, 2769757.0
Oregon, 2011, 331.0, 2773956.0
Oregon, 2010, 317.0, 2769734.0
Oregon, 2009, 377.0, 2841972.0
Oregon, 2008, 416.0, 2856085.0
Oregon, 2007, 455.0, 2827188.0
Oregon, 2006, 478.0, 2767291.0
Oregon, 2005, 487.0, 2692948.0
Oregon, 2004, 456.0, 2625856.0
Oregon, 2003, 512.0, 2589764.0
Oregon, 2002, 436.0, 2563529.0
Oregon, 2001, 488.0, 2534464.0
Oregon, 2000, 451.0, 2495059.0
Oregon, 1999, 414.0, 2461639.0
Pennsylvania, 2020, 1129.0, 8930677.0
Pennsylvania, 2019, 1059.0, 8987676.0
Pennsylvania, 2018, 1190.0, 8991370.0
Pennsylvania, 2017, 1137.0, 8964855.0
Pennsylvania, 2016, 1188.0, 8996815.0
Pennsylvania, 2015, 1200.0, 8942967.0
Pennsylvania, 2014, 1195.0, 8915641.0
Pennsylvania, 2013, 1210.0, 8896590.0
Pennsylvania, 2012, 1310.0, 8842587.0
Pennsylvania, 2011, 1286.0, 8796774.0
Pennsylvania, 2010, 1324.0, 8737162.0
Pennsylvania, 2009, 1256.0, 8687206.0
Pennsylvania, 2008, 1468.0, 8646273.0
Pennsylvania, 2007, 1491.0, 8600691.0
Pennsylvania, 2006, 1525.0, 8526204.0
Pennsylvania, 2005, 1616.0, 8460530.0
Pennsylvania, 2004, 1490.0, 8430142.0
Pennsylvania, 2003, 1577.0, 8369575.0
Pennsylvania, 2002, 1614.0, 8323741.0
Pennsylvania, 2001, 1532.0, 8226202.0
Pennsylvania, 2000, 1520.0, 8229490.0
Pennsylvania, 1999, 1549.0, 8478276.0
Rhode Island, 2020, 67.0, 731715.0
Rhode Island, 2019, 57.0, 761046.0
Rhode Island, 2018, 59.0, 756966.0
Rhode Island, 2017, 84.0, 753202.0
Rhode Island, 2016, 51.0, 753143.0
Rhode Island, 2015, 45.0, 745470.0
Rhode Island, 2014, 51.0, 748337.0
Rhode Island, 2013, 65.0, 749232.0
Rhode Island, 2012, 64.0, 749706.0
Rhode Island, 2011, 66.0, 749706.0
Rhode Island, 2010, 67.0, 747875.0
Rhode Island, 2009, 83.0, 746032.0
Rhode Island, 2008, 65.0, 748351.0
Rhode Island, 2007, 69.0, 743793.0
Rhode Island, 2006, 81.0, 741921.0
Rhode Island, 2005, 87.0, 746465.0
Rhode Island, 2004, 83.0, 741841.0
Rhode Island, 2003, 104.0, 731323.0
Rhode Island, 2002, 84.0, 720550.0
Rhode Island, 2001, 81.0, 660435.0
Rhode Island, 2000, 80.0, 654035.0
Rhode Island, 1999, 88.0, 688650.32
South Carolina, 2020, 1064.0, 3905911.0
South Carolina, 2019, 1006.0, 3877968.0
South Carolina, 2018, 1036.0, 3846069.0
South Carolina, 2017, 989.0, 3810962.0
South Carolina, 2016, 1020.0, 3746681.0
South Carolina, 2015, 979.0, 3683824.0
South Carolina, 2014, 823.0, 3617535.0
South Carolina, 2013, 767.0, 3536404.0
South Carolina, 2012, 863.0, 3455931.0
South Carolina, 2011, 828.0, 3408318.0
South Carolina, 2010, 809.0, 3337247.0
South Carolina, 2009, 894.0, 3268498.0
South Carolina, 2008, 921.0, 3185408.0
South Carolina, 2007, 1077.0, 3126890.0
South Carolina, 2006, 1045.0, 3067747.0
South Carolina, 2005, 1094.0, 2987593.0
South Carolina, 2004, 1046.0, 2972369.0
South Carolina, 2003, 969.0, 2918957.0
South Carolina, 2002, 1053.0, 2918957.0
South Carolina, 2001, 1060.0, 2849885.0
South Carolina, 2000, 1065.0, 2842553.0
South Carolina, 1999, 1065.0, 2810221.0
South Dakota, 2020, 141.0, 658091.0
South Dakota, 2019, 102.0, 638428.0
South Dakota, 2018, 130.0, 638428.0
South Dakota, 2017, 129.0, 628506.0
South Dakota, 2016, 116.0, 622663.0
South Dakota, 2015, 134.0, 655707.0
South Dakota, 2014, 136.0, 609908.0
South Dakota, 2013, 135.0, 603643.0
South Dakota, 2012, 133.0, 606779.0
South Dakota, 2011, 111.0, 603258.0
South Dakota, 2010, 140.0, 602275.0
South Dakota, 2009, 131.0, 602165.0
South Dakota, 2008, 121.0, 597326.0
South Dakota, 2007, 146.0, 588546.0
South Dakota, 2006, 191.0, 582517.0
South Dakota, 2005, 186.0, 566255.0
South Dakota, 2004, 197.0, 563298.0
South Dakota, 2003, 203.0, 554553.0
South Dakota, 2002, 180.0, 546386.0
South Dakota, 2001, 171.0, 544997.0
South Dakota, 2000, 173.0, 543817.0
South Dakota, 1999, 150.0, 543573.0
Tennessee, 2020, 1217.0, 4877268.0
Tennessee, 2019, 1136.0, 5422429.0
Tennessee, 2018, 1040.0, 5422429.0
Tennessee, 2017, 1024.0, 5377653.0
Tennessee, 2016, 1037.0, 5197904.0
Tennessee, 2015, 962.0, 4621401.0
Tennessee, 2014, 963.0, 4613166.0
Tennessee, 2013, 995.0, 4605100.0
Tennessee, 2012, 1015.0, 4573871.0
Tennessee, 2011, 937.0, 4543759.0
Tennessee, 2010, 1032.0, 4418210.0
Tennessee, 2009, 986.0, 4476539.0
Tennessee, 2008, 1043.0, 4450644.0
Tennessee, 2007, 1211.0, 4425881.0
Tennessee, 2006, 1284.0, 4387883.0
Tennessee, 2005, 1270.0, 4351868.0
Tennessee, 2004, 1339.0, 4247884.0
Tennessee, 2003, 1193.0, 4204166.0
Tennessee, 2002, 1177.0, 4205933.0
Tennessee, 2001, 1251.0, 4188317.0
Tennessee, 2000, 1307.0, 4251228.0
Tennessee, 1999, 1302.0, 4175766.0
Texas, 2020, 3874.0, 17667039.0
Texas, 2019, 3619.0, 17822760.0
Texas, 2018, 3648.0, 17370383.0
Texas, 2017, 3732.0, 17099340.0
Texas, 2016, 3797.0, 15879876.0
Texas, 2015, 3582.0, 15879876.0
Texas, 2014, 3536.0, 15648733.0
Texas, 2013, 3389.0, 15447273.0
Texas, 2012, 3408.0, 15252192.0
Texas, 2011, 3054.0, 15122518.0
Texas, 2010, 3023.0, 15157650.0
Texas, 2009, 3104.0, 15374063.0
Texas, 2008, 3476.0, 15374063.0
Texas, 2007, 3466.0, 15184123.0
Texas, 2006, 3531.0, 14906701.0
Texas, 2005, 3536.0, 14659390.0
Texas, 2004, 3699.0, 14543528.0
Texas, 2003, 3821.0, 13498071.0
Texas, 2002, 3823.0, 13184629.0
Texas, 2001, 3736.0, 13045727.0
Texas, 2000, 3779.0, 13462023.0
Texas, 1999, 3522.0, 13359305.0
Utah, 2020, 276.0, 2149766.0
Utah, 2019, 248.0, 2121099.0
Utah, 2018, 260.0, 2030644.0
Utah, 2017, 273.0, 1995377.0
Utah, 2016, 281.0, 1960366.0
Utah, 2015, 278.0, 1913564.0
Utah, 2014, 256.0, 1425703.0
Utah, 2013, 220.0, 1661219.0
Utah, 2012, 217.0, 1788822.0
Utah, 2011, 243.0, 1747487.0
Utah, 2010, 253.0, 1659835.25
Utah, 2009, 244.0, 1720015.0
Utah, 2008, 276.0, 1687306.0
Utah, 2007, 299.0, 1651790.0
Utah, 2006, 287.0, 1619085.0
Utah, 2005, 282.0, 1599514.0
Utah, 2004, 296.0, 1582599.0
Utah, 2003, 309.0, 1548456.0
Utah, 2002, 328.0, 1529934.0
Utah, 2001, 291.0, 1495887.0
Utah, 2000, 373.0, 1463366.0
Utah, 1999, 360.0, 1439534.0
Vermont, 2020, 62.0, 460871.0
Vermont, 2019, 47.0, 564894.0
Vermont, 2018, 68.0, 564892.0
Vermont, 2017, 69.0, 560247.0
Vermont, 2016, 62.0, 553670.0
Vermont, 2015, 57.0, 548799.0
Vermont, 2014, 44.0, 545312.0
Vermont, 2013, 69.0, 543057.0
Vermont, 2012, 77.0, 529501.0
Vermont, 2011, 55.0, 521666.0
Vermont, 2010, 71.0, 513481.0
Vermont, 2009, 74.0, 506977.0
Vermont, 2008, 73.0, 541990.0
Vermont, 2007, 66.0, 534495.0
Vermont, 2006, 87.0, 532041.0
Vermont, 2005, 73.0, 563162.0
Vermont, 2004, 98.0, 550462.0
Vermont, 2003, 69.0, 543412.0
Vermont, 2002, 78.0, 529453.0
Vermont, 2001, 92.0, 515348.0
Vermont, 2000, 76.0, 506085.0
Vermont, 1999, 90.0, 495824.0
Virginia, 2020, 850.0, 5909716.0
Virginia, 2019, 831.0, 5888196.0
Virginia, 2018, 820.0, 5929031.0
Virginia, 2017, 839.0, 5926430.0
Virginia, 2016, 760.0, 5912048.0
Virginia, 2015, 754.0, 5820209.0
Virginia, 2014, 703.0, 5769063.0
Virginia, 2013, 740.0, 5602765.0
Virginia, 2012, 776.0, 5538480.0
Virginia, 2011, 764.0, 5467045.0
Virginia, 2010, 740.0, 5402347.0
Virginia, 2009, 758.0, 5347745.0
Virginia, 2008, 825.0, 5301182.0
Virginia, 2007, 1027.0, 5259512.0
Virginia, 2006, 962.0, 5210685.0
Virginia, 2005, 947.0, 5178156.0
Virginia, 2004, 922.0, 5112523.0
Virginia, 2003, 943.0, 5045857.0
Virginia, 2002, 914.0, 5158232.0
Virginia, 2001, 935.0, 4920753.0
Virginia, 2000, 929.0, 4836993.0
Virginia, 1999, 878.0, 4729373.0
Washington, 2020, 560.0, 5812500.0
Washington, 2019, 538.0, 5711136.0
Washington, 2018, 539.0, 5909967.0
Washington, 2017, 563.0, 5768281.0
Washington, 2016, 536.0, 5635715.0
Washington, 2015, 551.0, 5516134.0
Washington, 2014, 462.0, 5401139.0
Washington, 2013, 436.0, 5301630.0
Washington, 2012, 438.0, 5227889.0
Washington, 2011, 454.0, 5178789.0
Washington, 2010, 460.0, 5106367.0
Washington, 2009, 492.0, 5026521.0
Washington, 2008, 521.0, 4953872.0
Washington, 2007, 571.0, 4879705.0
Washington, 2006, 633.0, 4790864.0
Washington, 2005, 649.0, 4681927.0
Washington, 2004, 567.0, 4504581.0
Washington, 2003, 600.0, 4407269.0
Washington, 2002, 658.0, 4381417.0
Washington, 2001, 649.0, 4237845.0
Washington, 2000, 631.0, 4154501.0
Washington, 1999, 637.0, 4128775.0
West Virginia, 2020, 267.0, 1101775.405
West Virginia, 2019, 260.0, 1130389.173
West Virginia, 2018, 294.0, 1136775.0
West Virginia, 2017, 304.0, 1148786.0
West Virginia, 2016, 269.0, 1159348.0
West Virginia, 2015, 268.0, 1167346.264
West Virginia, 2014, 272.0, 1171906.746
West Virginia, 2013, 332.0, 1177136.0
West Virginia, 2012, 339.0, 1241586.0
West Virginia, 2011, 338.0, 1198837.194
West Virginia, 2010, 315.0, 1206026.0
West Virginia, 2009, 357.0, 1328992.0
West Virginia, 2008, 378.0, 1360926.0
West Virginia, 2007, 432.0, 1358529.0
West Virginia, 2006, 410.0, 1335303.0
West Virginia, 2005, 374.0, 1327569.0
West Virginia, 2004, 410.0, 1292036.0
West Virginia, 2003, 394.0, 1272135.0
West Virginia, 2002, 439.0, 1325029.0
West Virginia, 2001, 376.0, 1316955.0
West Virginia, 2000, 411.0, 1347207.0
West Virginia, 1999, 395.0, 1273701.0
Wisconsin, 2020, 614.0, 4315892.0
Wisconsin, 2019, 567.0, 4296646.0
Wisconsin, 2018, 589.0, 4288171.0
Wisconsin, 2017, 613.0, 4234793.0
Wisconsin, 2016, 607.0, 4206770.0
Wisconsin, 2015, 566.0, 4194759.0
Wisconsin, 2014, 506.0, 4188194.0
Wisconsin, 2013, 543.0, 4171427.0
Wisconsin, 2012, 615.0, 4056649.0
Wisconsin, 2011, 582.0, 4147470.0
Wisconsin, 2010, 572.0, 4133377.0
Wisconsin, 2009, 561.0, 4105142.0
Wisconsin, 2008, 605.0, 4075764.0
Wisconsin, 2007, 756.0, 4066273.0
Wisconsin, 2006, 724.0, 4049450.0
Wisconsin, 2005, 815.0, 3993348.0
Wisconsin, 2004, 792.0, 3910188.0
Wisconsin, 2003, 848.0, 3765644.0
Wisconsin, 2002, 803.0, 3529720.0
Wisconsin, 2001, 763.0, 3667497.0
Wisconsin, 2000, 799.0, 3770453.22
Wisconsin, 1999, 745.0, 3733122.0
Wyoming, 2020, 127.0, 427233.0
Wyoming, 2019, 147.0, 424115.0
Wyoming, 2018, 111.0, 419256.0
Wyoming, 2017, 123.0, 422465.0
Wyoming, 2016, 112.0, 421098.0
Wyoming, 2015, 145.0, 422450.0
Wyoming, 2014, 150.0, 423987.0
Wyoming, 2013, 87.0, 421473.0
Wyoming, 2012, 123.0, 421580.0
Wyoming, 2011, 135.0, 421928.0
Wyoming, 2010, 155.0, 419466.0
Wyoming, 2009, 134.0, 410813.0
Wyoming, 2008, 159.0, 404489.0
Wyoming, 2007, 150.0, 398283.0
Wyoming, 2006, 195.0, 390538.0
Wyoming, 2005, 170.0, 382735.0
Wyoming, 2004, 164.0, 380180.0
Wyoming, 2003, 165.0, 378009.0
Wyoming, 2002, 176.0, 303357.0
Wyoming, 2001, 186.0, 370713.0
Wyoming, 2000, 152.0, 370740.42
Wyoming, 1999, 189.0, 363471.0
